0.59 32 -> 39
0.53 32 -> 48
0.67 32 38 -> 39
0.60 32 39 -> 38 48
0.60 32 39 -> 48
1.00 32 39 41 -> 38 48
0.75 32 41 -> 38 39
0.50 32 41 -> 38 48
0.75 32 41 -> 39
0.75 32 41 -> 39 38
0.75 32 41 -> 39 48
0.50 32 41 -> 48
0.75 32 41 -> 48 39
1.00 32 41 48 -> 38 39
1.00 32 41 48 -> 39 38
0.67 32 48 -> 38 39
0.67 32 48 -> 39
0.67 32 48 -> 39 38
1.00 36 -> 38
0.67 36 -> 38 39
0.67 36 -> 39
0.67 36 -> 39 38
0.67 36 38 -> 39
0.67 36 38 -> 39 48
0.67 36 38 -> 48 39
1.00 36 39 -> 38
1.00 36 39 -> 38 48
1.00 36 39 -> 48 38
0.67 38 -> 39
0.50 38 -> 48
0.58 38 39 -> 48
0.67 38 39 41 -> 48
0.75 38 41 -> 39
0.50 38 41 -> 39 48
0.75 38 41 -> 48
0.75 38 41 -> 48 39
0.67 38 41 48 -> 39
0.78 38 48 -> 39
0.67 38 170 -> 39
0.58 39 -> 48
0.62 39 41 -> 38 48
0.62 39 41 -> 48
0.67 39 65 -> 38 48
0.67 39 65 -> 48
0.67 39 65 -> 48 38
0.67 39 89 -> 38 48
0.67 39 89 -> 48
0.67 39 89 -> 48 38
1.00 39 170 -> 38
0.76 41 -> 39
0.47 41 -> 39 48
0.59 41 -> 48
0.47 41 -> 48 39
0.80 41 48 -> 38 39
0.80 41 48 -> 39
0.80 41 48 -> 39 38
0.69 48 -> 39
0.67 48 65 -> 38 39
0.67 48 65 -> 39
0.67 48 65 -> 39 38
0.67 48 89 -> 38 39
0.67 48 89 -> 39
0.67 48 89 -> 39 38
0.60 65 -> 39
0.60 65 -> 48
0.75 89 -> 39
0.50 89 -> 39 48
0.75 89 -> 48
0.50 89 -> 48 39
1.00 110 -> 38
0.75 170 -> 38
0.50 170 -> 38 39
0.50 170 -> 39
0.50 170 -> 39 38
0.75 225 -> 39
0.67 237 -> 39
0.67 310 -> 39
