0.17 32
0.03 32 38
0.02 32 38 39
0.10 32 39
0.03 32 39 41
0.06 32 39 48
0.04 32 41
0.02 32 41 48
0.09 32 48
0.03 36
0.03 36 38
0.02 36 38 39
0.02 36 39
0.18 38
0.12 38 39
0.03 38 39 41
0.02 38 39 41 48
0.07 38 39 48
0.02 38 39 170
0.04 38 41
0.03 38 41 48
0.09 38 48
0.03 38 110
0.03 38 170
0.57 39
0.13 39 41
0.08 39 41 48
0.33 39 48
0.02 39 48 65
0.02 39 48 89
0.03 39 65
0.03 39 89
0.02 39 170
0.03 39 225
0.02 39 237
0.02 39 310
0.17 41
0.10 41 48
0.48 48
0.03 48 65
0.03 48 89
0.05 65
0.04 89
0.03 101
0.03 110
0.02 147
0.04 170
0.04 225
0.03 237
0.02 271
0.03 310
0.02 413
0.02 438
0.02 475
0.02 1327
